MEME version 4

ALPHABET= ACGT

strands: + -

Background letter frequencies

A 0.25 C 0.25 G 0.25 T 0.25

MOTIF M1 Mo1
letter-probability matrix: alength= 4 w= 19 nsites= 913 E= 0
 0.095290  0.318729  0.083242  0.502738
 0.182913  0.158817  0.453450  0.204819
 0.307777  0.053669  0.491785  0.146769
 0.061336  0.876232  0.023001  0.039430
 0.008762  0.989047  0.000000  0.002191
 0.814896  0.014239  0.071194  0.099671
 0.043812  0.578313  0.365827  0.012048
 0.117325  0.474781  0.052632  0.355263
 0.933114  0.012061  0.035088  0.019737
 0.005488  0.000000  0.991218  0.003293
 0.365532  0.003293  0.621295  0.009879
 0.059276  0.013172  0.553238  0.374314
 0.013187  0.000000  0.978022  0.008791
 0.061538  0.008791  0.851648  0.078022
 0.114411  0.806381  0.005501  0.073707
 0.409241  0.014301  0.557756  0.018702
 0.090308  0.530837  0.338106  0.040749
 0.128855  0.354626  0.080396  0.436123
 0.442731  0.199339  0.292952  0.064978
URL http://jaspar.genereg.net/matrix/MA0139.1

MOTIF M2 Mo2
letter-probability matrix: alength= 4 w= 10 nsites= 7877 E= 0
 0.158817  0.275993  0.134823  0.430367
 0.125317  0.431945  0.146013  0.296724
 0.088066  0.373447  0.038265  0.500222
 0.795898  0.051127  0.089421  0.063555
 0.919566  0.037007  0.016460  0.026967
 0.009461  0.008963  0.000996  0.980580
 0.073045  0.076399  0.025047  0.825508
 0.838871  0.047817  0.009265  0.104047
 0.329736  0.212164  0.279964  0.178136
 0.350305  0.310564  0.190833  0.148299
URL http://jaspar.genereg.net/matrix/MA0634.1

MOTIF M3 Mo3
letter-probability matrix: alength= 4 w= 19 nsites= 451 E= 0
 0.341463  0.161863  0.337029  0.159645
 0.443459  0.042129  0.474501  0.039911
 0.432373  0.011086  0.538803  0.017738
 0.982262  0.011086  0.004435  0.002217
 0.000000  0.993348  0.002217  0.004435
 0.004435  0.033259  0.002217  0.960089
 0.911308  0.035477  0.022173  0.031042
 0.002217  0.988914  0.002217  0.006652
 0.891353  0.017738  0.075388  0.015521
 0.365854  0.086475  0.073171  0.474501
 0.070953  0.237251  0.104213  0.587583
 0.006652  0.037694  0.011086  0.944568
 0.008869  0.975610  0.002217  0.013304
 0.002217  0.993348  0.002217  0.002217
 0.004435  0.982262  0.004435  0.008869
 0.849224  0.011086  0.128603  0.011086
 0.075388  0.050998  0.809313  0.064302
 0.339246  0.407982  0.197339  0.055432
 0.547672  0.186253  0.188470  0.077605
URL http://jaspar.genereg.net/matrix/MA1573.1

